$ANSIBLE_VAULT;1.1;AES256
61343762366663336365636232383034656632313264366661333562616230393031313761616634
3766623861343964333933363933386435613161393530620a303133303639343763336361386564
39366539356130613238373864376438626338393332353833363362356462386161373363666664
6661613336326532300a643463633836636466653865393931626531653166393031363133303235
63636330316535616433356561386331323732373433383038303535333830613139366438343930
61643036636630636362306337323032643261613731656466633139363234643232303336666162
62333365366234303139663032366239653964383034323166323431303038396437376532393661
39323464373731623533623035396437366234363136666361333664633232343530303663666139
35373561656664343561333666343236656666373165313630313839623664393930613931626136
38326363643964303563316363636661323332303335653933646665383336353439336562373336
65363464616439666632343965616462353666623435363664383962623033393731396532333934
38613932633562323038643838393132633835383032363439393862343037323439313136663764
65333835333265346630393165633666653435333833366234333365663539636366373233636662
63346662373439343637353735623130396465663064643336646239623561313431666538653935
33353063613637333932326561613664306437636134633363356161656234393030396435643366
31383264306662613066366139656164626336343166646336303234396531363436616163363261
35653530663463653239336265336231393039313564666364383330313263356566623531663563
39303365646135366164643164313362373861366365666330306233376634623263353962313035
64373831346538636632643661386232343537336134633363396465393062663765633131663230
64353563646161306135646364623464663534323033376533303364633131376265356265316332
66613831323265636166343737633963343839626164333433643436366561313566626332313463
63346339363730386463386235623333393036613961376130653437633436393533666332346363
34643039363034656232376164333230303432326534656263353363626634386337366364656539
31663237343632346637363039666566353462633763313032633065666165353265356239316437
34633131333731303466646538303461326334383136373138353062663431323233613765636132
36613462656565623734323830303930363932643637353836646566373236353431613163396666
62313661623436656562646238616232313238306165303534333935653861376463333138313263
35306430336463353566656166633235333638373638396166383437616564323236313739333034
63303334316631613661343932626138306432346330353732313337623662613735373330303132
65626131616237316434386130636639353964623061616431393661376435326532373435376530
33646334316434626335633063303061326633303962396430393363343063623034363466336133
37326338326231646437323230636362333531343865623034366335343364383932653633396664
30643965343433353732346138333139623333663136363166656539653361313535643731383239
37326566303861353961366331616534343130633466313733383539623265383135323936363966
306135623238393965396663633139343538
